$ANSIBLE_VAULT;1.1;AES256
38363037363636353831376266363234616463663139626531313736306136383334646337663463
3630393131346365633732303363616534613637306436320a373533353036393635306130383161
34353333376535623530613838663563343638313066333733346263646231636630373536613466
6466643465666266650a633462333661353933333232386239616432633862336366343161323333
39626331333338313739313265663439623665376263373038393136646133323037643062653766
31393833363262383635633533363736353562313265316263393266383035393036636134656230
30356565346635306136363836383461373161363835613265313962326335336362383837633239
37633961373665303837613132623366303866376339383737343931663865323635343536373065
32366165633233396636346230333164336131303763646638666539663362376162306538626331
30373163656666373362376536363130306263353265663866623461666162316239306139383766
31373564363333666630643733313135373065316336323964333038656235346432396632316632
32616234363836373836333566623963636632623732313233383865363933313664336435353764
38636337303237326361306630653433633535616332613763346662333761386433656164303664
34313936633738303334383032643939333831376637373233613835623161383962306636666236
37653166653963653764383533336235376330343032663666633562373766376261633261346366
62386265653662656333366661366662376162373731373637663936653966326133313234616634
3066
